text,top_class,hate_speech,offensive_language,neither
Grading reaches up and delivers @Danoba a crisp high five,neither,0.03487086915675038,0.3916874527896188,0.5734416780536309
yes last week was an HOUR behind the live stream so they couldnt fix audio issues they didnt know about till an hour later.,neither,0.040237732843827714,0.34547685650196625,0.614285410654206
live PogChamp,neither,0.04891340716200846,0.3271222919257548,0.6239643009122369
Ha came at the perfect time!,neither,0.03702223724206399,0.3536541620343982,0.6093236007235379
recap is on lads!,neither,0.04363834450253416,0.3395603040719058,0.61680135142556
recap timeee,neither,0.03945320844208391,0.33037608806864915,0.630170703489267
here we go lads,neither,0.08788874066493838,0.298919475072031,0.6131917842630307
HELLO,neither,0.03945320844208391,0.33037608806864915,0.630170703489267
DANI!,neither,0.03945320844208391,0.33037608806864915,0.630170703489267
yay crit recap!,neither,0.03945320844208391,0.33037608806864915,0.630170703489267
Yay!!!!,neither,0.03945320844208391,0.33037608806864915,0.630170703489267
LIVE,neither,0.04891340716200846,0.3271222919257548,0.6239643009122369
"Bidet from from Manchester, New Hampshire",neither,0.0434326267507809,0.24251183887545325,0.7140555343737659
Crit recap! :D,neither,0.03945320844208391,0.33037608806864915,0.630170703489267
hi,neither,0.03945320844208391,0.33037608806864915,0.630170703489267
Bidet from Monterey.,neither,0.04228451509352876,0.2823214250720796,0.6753940598343917
YOOOO HERE WE GO BOIS,neither,0.07550795918727057,0.3059846594426949,0.6185073813700346
bidet y'all!,offensive_language,0.046917543854519406,0.6277741405869331,0.3253083155585475
bidet,neither,0.03945320844208391,0.33037608806864915,0.630170703489267
bidet from Brazil o/,neither,0.04079557052152802,0.30759270029461827,0.6516117291838538
gandsMatt,neither,0.03945320844208391,0.33037608806864915,0.630170703489267
Bidet from WIsconsin!!!,neither,0.04071751644889743,0.3089174816120565,0.6503650019390461
and ladies @Buteller,neither,0.03824461173919081,0.27188752967208496,0.6898678585887242
woo,neither,0.03945320844208391,0.33037608806864915,0.630170703489267
yay recap! cause i havent watched 37 like 3 times,neither,0.044072267603194125,0.3561274622362009,0.5998002701606051
Bidet from Virginia!!,neither,0.04079557052152802,0.30759270029461827,0.6516117291838538
Bidet from Houston!,neither,0.040875471929787875,0.3062365648703896,0.6528879631998226
Bidet my friends!,neither,0.022077970793004758,0.4757527544997119,0.5021692747072832
Danny pronounced it right to teach Brian,neither,0.04689742648693822,0.2639589087455843,0.6891436647674776
bidet,neither,0.03945320844208391,0.33037608806864915,0.630170703489267
I am looking forwards to enjoying dnd with everyone. Have a good night!,neither,0.027934063429353204,0.4183600926465079,0.5537058439241389
Hi everyone. its my first time watching live,neither,0.022585113558347008,0.47170479690125244,0.5057100895404006
BIDET from the middle of school,neither,0.03959548926832892,0.29341531222644224,0.6669891985052289
Bidet from Massachusetts!,neither,0.04069404815304118,0.30931579984010865,0.6499901520068502
"@Zorglubis Hold on friend. I'm not judging him, I'm merely saying that when he got angry like he did it killed my personal enjoyment of campaign one. I'm sure he had his reasons. I'm just saying.",neither,0.03404737921350545,0.47890777752596764,0.4870448432605269
Bidet from LA (CA),neither,0.04054123032143904,0.31190951726515675,0.6475492524134041
I hope some day Orion and the group can make amends and he could join them for one or two sessions,neither,0.05739821859501586,0.21528221437890116,0.7273195670260829
Going fullscreen. Bye chat that moves to fast to read anyway.,neither,0.04393464868117503,0.3664383426591286,0.5896270086596963
Bidet!,neither,0.03945320844208391,0.33037608806864915,0.630170703489267
Bidet,neither,0.03945320844208391,0.33037608806864915,0.630170703489267
@jollybackroger bidet hue,neither,0.03945320844208391,0.33037608806864915,0.630170703489267
Dani really went above and beyond for this recap! We appreciate it! ^^,neither,0.0350501438466139,0.29641829589850144,0.6685315602548846
Amen @elykg lol,neither,0.030390423329749658,0.3972060592599654,0.5724035174102851
Bidet from NZ gandsLessthanthree,neither,0.04228451509352876,0.2823214250720796,0.6753940598343917
Bidet from Sacramento,neither,0.04062582848913359,0.31047366557575606,0.6489005059351104
Bidet from Ephrata Pennsylvania! :),neither,0.04069404815304118,0.30931579984010865,0.6499901520068502
Bidet from NC!,neither,0.04066490145509902,0.30981049537100724,0.6495246031738937
Bidet?,neither,0.03945320844208391,0.33037608806864915,0.630170703489267
"Hey, this is my first stream and I became interested because of fan art pls help",neither,0.03347324765572153,0.35179651508798293,0.6147302372562955
Bidet fellow critters,neither,0.03945320844208391,0.33037608806864915,0.630170703489267
@FireSkull883 Woohoo!,neither,0.03945320844208391,0.33037608806864915,0.630170703489267
Welcome @FireSkull883,neither,0.03945320844208391,0.33037608806864915,0.630170703489267
Bidet from San Jose CA!,neither,0.04029007034722936,0.31617235750279565,0.6435375721499751
BIDET FROM LOUISIANA!!!,neither,0.04062582848913359,0.31047366557575606,0.6489005059351104
bidet from Florida! :),neither,0.0408948396164547,0.30590784468201904,0.6531973157015263
Bidet,neither,0.03945320844208391,0.33037608806864915,0.630170703489267
Captions PogChamp,neither,0.03945320844208391,0.33037608806864915,0.630170703489267
Bidet from Vancouver,neither,0.04228451509352876,0.2823214250720796,0.6753940598343917
I’m not sure what’s happening,neither,0.03755734521395946,0.45060040666735207,0.5118422481186884
Thank god for studio shows,neither,0.03441841035243302,0.3120597351051965,0.6535218545423704
"I would love to see the return of Orion as a guest star, or even to let him join back into the regular sessions",neither,0.033962742052616,0.35283832566266055,0.6131989322847234
"Bidet from England! Aaaand now time for bed, to watch this in the morning.",neither,0.04803155782162614,0.20899642803781304,0.7429720141405609
Bidet from CA,neither,0.04084513770590474,0.30675141581570226,0.6524034464783931
Bidet,neither,0.03945320844208391,0.33037608806864915,0.630170703489267
i dont see the livestream....wtf,offensive_language,0.04076912285427076,0.5183513036382131,0.44087957350751616
Bidet from brooklyn,neither,0.04079557052152802,0.30759270029461827,0.6516117291838538
Bidet from NJ,neither,0.04069404815304118,0.30931579984010865,0.6499901520068502
lol,neither,0.020706217963973744,0.4882283491876925,0.4910654328483337
Sam's fucking outfit,offensive_language,0.10621858631385671,0.8920903227675382,0.0016910909186050346
very happy about it back in the studio too,neither,0.03636962722032451,0.3420691218026768,0.6215612509769988
Bidet from FL,neither,0.04066490145509902,0.30981049537100724,0.6495246031738937
Bidet from Texas,neither,0.040937266849991,0.30518774380265185,0.6538749893473571
Bidet from Brazil!,neither,0.04079557052152802,0.30759270029461827,0.6516117291838538
Is it weird that I want to get in a full-scale orgy with the whole cast,neither,0.04733105847078933,0.36243264164341715,0.5902362998857936
My name is ebtbalance? What the heck. When did that change?,neither,0.02970391385459128,0.43368971425318287,0.5366063718922259
Bidet from San Francisco Ca,neither,0.0402616884227302,0.3166540728324669,0.643084238744803
I was there <3 first live show and so much fun. Please come again!,neither,0.04064583377932235,0.29584584116800833,0.6635083250526694
Bidet from Texas,neither,0.040937266849991,0.30518774380265185,0.6538749893473571
Bidet from NJ too @fail_4_fun !,neither,0.04030877438845492,0.3158549011095399,0.6438363245020051
"Secretly, Dani is the only reason I watch critrole",neither,0.04862067013958714,0.31582136865488086,0.635557961205532
Bidet from Brazil o/,neither,0.04079557052152802,0.30759270029461827,0.6516117291838538
Bidet from Colorado!,neither,0.04066490145509902,0.30981049537100724,0.6495246031738937
"Bidet from NY, evening everyone.",neither,0.035250911744752436,0.4017000301428179,0.5630490581124297
Bidet from Las Vegas,neither,0.040400041164603724,0.3143058657309893,0.6452940931044071
@nutellaicecream I didn't realize he had so many muscles on his arms!!,neither,0.04295352964344431,0.41009725331026686,0.5469492170462887
"Bidet to all, hi Dani.",neither,0.04781071760512537,0.39451565929515214,0.5576736230997225
Sup People!,neither,0.08072660320791218,0.32550148703642473,0.5937719097556631
bidet from Ohio!,neither,0.040754399270683486,0.3082914838698526,0.650954116859464
BIDET!!!!,neither,0.03945320844208391,0.33037608806864915,0.630170703489267
bidet from texas,neither,0.040937266849991,0.30518774380265185,0.6538749893473571
Bidet,neither,0.03945320844208391,0.33037608806864915,0.630170703489267
Bidet from Framingham MA moon2CUTE,neither,0.031816597323666866,0.4599893087150652,0.5081940939612679
BIDET FROM TEXAS!,neither,0.040937266849991,0.30518774380265185,0.6538749893473571
Bidet from Brazil,neither,0.04079557052152802,0.30759270029461827,0.6516117291838538
bidet from texas,neither,0.040937266849991,0.30518774380265185,0.6538749893473571
Bidet from the To Be Determined,neither,0.047204619623836715,0.2947019179950131,0.6580934623811501
Bidet from Ohio!,neither,0.040754399270683486,0.3082914838698526,0.650954116859464
Cthulhu temple hype!!! Squid1 Squid2 Squid3 Squid4,neither,0.03945320844208391,0.33037608806864915,0.630170703489267
ay,neither,0.03945320844208391,0.33037608806864915,0.630170703489267
bidet from south Carolina,neither,0.04043176250036363,0.31376747187705417,0.6458007656225822
@MyBuddyPike maybe he's.....fjicc,neither,0.04837278563252142,0.3273082364602713,0.6243189779072071
bidet from southwest Michigan,neither,0.040391260989805194,0.3144548882117505,0.6451538507984442
eyyy,neither,0.03945320844208391,0.33037608806864915,0.630170703489267
when you are watching between the sheets and cr starts,neither,0.055942838956448616,0.3220753084336303,0.6219818526099212
bide,neither,0.03945320844208391,0.33037608806864915,0.630170703489267
Bidet!,neither,0.03945320844208391,0.33037608806864915,0.630170703489267
ah. im here,neither,0.10239283012943716,0.32009411815014654,0.5775130517204163
Bidet,neither,0.03945320844208391,0.33037608806864915,0.630170703489267
Bidet from Minnesota,neither,0.04071751644889743,0.3089174816120565,0.6503650019390461
bidet from Wisconsin,neither,0.04071751644889743,0.3089174816120565,0.6503650019390461
Bidet from Texas,neither,0.040937266849991,0.30518774380265185,0.6538749893473571
bidet from MN,neither,0.040737273169946825,0.30858215849491494,0.6506805683351382
Bdet from Houston,neither,0.040875471929787875,0.3062365648703896,0.6528879631998226
"Bidet from the Pacific Northwest, Redmond, wa",neither,0.03960389069642851,0.29144428978213127,0.6689518195214403
Indiana! eeyyyy,neither,0.03945320844208391,0.33037608806864915,0.630170703489267
Bidet from PA,neither,0.04069404815304118,0.30931579984010865,0.6499901520068502
Bidet Northern Manitoba Canada,neither,0.03945320844208391,0.33037608806864915,0.630170703489267
10th,neither,0.03945320844208391,0.33037608806864915,0.630170703489267
"Gonna be honest, don't understand the bidet thing, but hi everyone!",neither,0.032500315120682896,0.4257779850842048,0.5417216997951124
Bidet from Croatia!,neither,0.04228451509352876,0.2823214250720796,0.6753940598343917
bidet from argentina!,neither,0.04062582848913359,0.31047366557575606,0.6489005059351104
Ello,neither,0.03945320844208391,0.33037608806864915,0.630170703489267
Bid it from pal coast Florida,neither,0.03919724792152787,0.3186626505070108,0.6421401015714613
woot!,neither,0.03945320844208391,0.33037608806864915,0.630170703489267
"Bidet from Greenville, Texas",neither,0.040937266849991,0.30518774380265185,0.6538749893473571
bidet form virginia,neither,0.03945320844208391,0.33037608806864915,0.630170703489267
Bidet from Connecticut,neither,0.04062582848913359,0.31047366557575606,0.6489005059351104
Bidet from Michigan!,neither,0.040769555981420263,0.3080342349327864,0.6511962090857933
bidet from Texas,neither,0.040937266849991,0.30518774380265185,0.6538749893473571
Bidet from Scotland,neither,0.04062582848913359,0.31047366557575606,0.6489005059351104
biddet from Texas,neither,0.040937266849991,0.30518774380265185,0.6538749893473571
!rbschedule,neither,0.03945320844208391,0.33037608806864915,0.630170703489267
bidet from Flagstaff!,neither,0.04228451509352876,0.2823214250720796,0.6753940598343917
Find the rebroadcast schedule for today here: http://bit.ly/WedRebroadcast,neither,0.05993176898675194,0.16282973960513905,0.7772384914081091
Uk'atoa,neither,0.03945320844208391,0.33037608806864915,0.630170703489267
finally watching live XD FeelsGoodMan,neither,0.044276099228360045,0.32871727477068585,0.627006626000954
@GuyWithPasta meme from campaign 1,neither,0.04040057148408362,0.31429686482539193,0.6453025636905245
i finally caught up to the live show,neither,0.061036212475324564,0.2888356766905922,0.6501281108340832
:D,neither,0.03945320844208391,0.33037608806864915,0.630170703489267
Bidet from Quebec!,neither,0.04228451509352876,0.2823214250720796,0.6753940598343917
Bidet from Florida!,neither,0.0408948396164547,0.30590784468201904,0.6531973157015263
Bidet from Oklahoma!,neither,0.04066490145509902,0.30981049537100724,0.6495246031738937
Bidet to all.,offensive_language,0.07037653542857761,0.5454179388470466,0.3842055257243759
Bidet from Texas!,neither,0.040937266849991,0.30518774380265185,0.6538749893473571
"Europe folks, who needs sleep right?",neither,0.039163227764151036,0.39128049623898536,0.5695562759968636
(whispers) ukatoaaaaaaaaa,neither,0.03945320844208391,0.33037608806864915,0.630170703489267
is chat still subscribers only?,neither,0.0473851830543749,0.3433544390285272,0.6092603779170979
bidet from Ohio!,neither,0.040754399270683486,0.3082914838698526,0.650954116859464
-whispers- UK'OTOA!,neither,0.03945320844208391,0.33037608806864915,0.630170703489267
bidet and t101WA t101AAA t101AGH t101EX critroleStay critroleTurnt,neither,0.03763944115734239,0.1918412352459551,0.7705193235967025
@GuyWithPasta watch the first campaign,neither,0.03638836058508233,0.31501964379926567,0.6485919956156521
jumanji cotco,neither,0.03945320844208391,0.33037608806864915,0.630170703489267
critrolePride critrolePride critrolePride,neither,0.03945320844208391,0.33037608806864915,0.630170703489267
Bidet beautiful people! critroleAwnp,neither,0.08857433595562854,0.324072225816828,0.5873534382275434
DBstyle,neither,0.03945320844208391,0.33037608806864915,0.630170703489267
bday from australia,neither,0.04040683511112239,0.31419055472777996,0.6454026101610977
Beep beep,neither,0.03945320844208391,0.33037608806864915,0.630170703489267
Bidet from NYC! I wish I could have attended the live Critical Role last week but I was SO SICK BibleThump,neither,0.0396248650438522,0.3441548688038358,0.6162202661523121
Bidet from Florida,neither,0.0408948396164547,0.30590784468201904,0.6531973157015263
Costco XD,neither,0.03945320844208391,0.33037608806864915,0.630170703489267
f...j...i...c...c......?,neither,0.03945320844208391,0.33037608806864915,0.630170703489267
Bidet from TX!,neither,0.04081748366884477,0.3072207769958956,0.6519617393352596
recap before the recap,neither,0.03667548150592921,0.3592088133718038,0.6041157051222669
Bidet From Oregon!!!,neither,0.04071751644889743,0.3089174816120565,0.6503650019390461
heh. Jumanji Costco.,neither,0.03945320844208391,0.33037608806864915,0.630170703489267
"Bidet, from San Antonio!!",neither,0.040446282760733435,0.31352102516371877,0.6460326920755478
"Bidet from the frozen north, WINTER IS COMING!!!",neither,0.04530926135778321,0.3041589772488216,0.6505317613933951
U K ' O T O A,neither,0.03945320844208391,0.33037608806864915,0.630170703489267
bidet from colorado!,neither,0.04066490145509902,0.30981049537100724,0.6495246031738937
Bidet from Yorkshire!,neither,0.04228451509352876,0.2823214250720796,0.6753940598343917
COSTCO!,neither,0.03945320844208391,0.33037608806864915,0.630170703489267
bidet from Brazil,neither,0.04079557052152802,0.30759270029461827,0.6516117291838538
h,neither,0.03945320844208391,0.33037608806864915,0.630170703489267
gandsJester gandsFjord gandsNott gandsCaleb gandsMolly gandsBeau,neither,0.03945320844208391,0.33037608806864915,0.630170703489267
Does anyone know how long (estimate) until Ashley can consistently be on the show again?,neither,0.03542916163606476,0.37796352772473846,0.5866073106391967
bidet from south dakota!!,neither,0.04041079298828133,0.31412337922315653,0.6454658277885622
Bidet from Washington,neither,0.04080695066346891,0.3073995495860776,0.6517934997504536
more bidets from Québec :),neither,0.04485642625153111,0.2805392309536033,0.6746043427948655
no,neither,0.036918905254960256,0.37338982715841207,0.5896912675866277
Bidat from Lake Tahoe.,neither,0.04078317879478948,0.307803020237201,0.6514138009680096
@pyeman21 t101WA t101AAA t101AGH t101EX,neither,0.03945320844208391,0.33037608806864915,0.630170703489267
Squid1 Squid2 Squid4,neither,0.03945320844208391,0.33037608806864915,0.630170703489267
gandsLessthanthree,neither,0.03945320844208391,0.33037608806864915,0.630170703489267
"@rtk142 During the show, yes, but we can chat on the CR twitch channel.",neither,0.04244899933893966,0.2855434346068829,0.6720075660541772
(audience laughing),neither,0.03945320844208391,0.33037608806864915,0.630170703489267
wowee,neither,0.03945320844208391,0.33037608806864915,0.630170703489267
what are they playing?,neither,0.0895779489393266,0.2636531703062261,0.6467688807544474
Bidet from Indiana!,neither,0.0408364874901429,0.30689823255244486,0.6522652799574122
Bidget from Houston!,neither,0.040875471929787875,0.3062365648703896,0.6528879631998226
"If anybody catches this, can you tell me when CR usually rebroadcasts? Can't catch it now and I'll be offline for a week or two after monday",neither,0.02733799653408221,0.37181799277805255,0.6008440106878653
bidet from,neither,0.04228451509352876,0.2823214250720796,0.6753940598343917
bidet from Georgia!,neither,0.04066490145509902,0.30981049537100724,0.6495246031738937
hey @angeldyss bidet from brazil too!,neither,0.04024207950616145,0.3169868873218327,0.6427710331720058
Bidet from Florida!,neither,0.0408948396164547,0.30590784468201904,0.6531973157015263
extra bidets from quebec,neither,0.04092765498068516,0.30535088230975205,0.6537214627095629
Bidet everyone!!!,offensive_language,0.02988896790634741,0.4927062106388782,0.4774048214547744
wazuu,neither,0.03945320844208391,0.33037608806864915,0.630170703489267
"this is my first live stream, but I watch every video that goes up on the YT channel! OwO",neither,0.03409428914818465,0.3761443477181429,0.5897613631336724
squid1,neither,0.03945320844208391,0.33037608806864915,0.630170703489267
bidet from brazil,neither,0.04079557052152802,0.30759270029461827,0.6516117291838538
"We're so few in Quebec, we might be neighbours and not know it O.O",neither,0.049342951196888266,0.32167496531838213,0.6289820834847295
Anyone got 300+ hours to spare so I can go watch Season 1?,neither,0.047380684203152355,0.37949760616467476,0.573121709632173
gandsTwenty,neither,0.03945320844208391,0.33037608806864915,0.630170703489267
Bidet from Ga,neither,0.040737273169946825,0.30858215849491494,0.6506805683351382
Bidet from Houston,neither,0.040875471929787875,0.3062365648703896,0.6528879631998226
gandsOwlbear Helllloooooo gandsOwlbear,neither,0.03945320844208391,0.33037608806864915,0.630170703489267
BEEP BEEP,neither,0.03945320844208391,0.33037608806864915,0.630170703489267
bidet from Wisconsin,neither,0.04071751644889743,0.3089174816120565,0.6503650019390461
"Hey, you! Yeah, YOU! We love you! Join our community-run groups and meet other critters! criticalrole.reddit.com -Subreddit https://discord.gg/criticalrole -Discord server facebook.com/groups/CriticalRoleFanClub/ -Facebook",neither,0.03416492437043973,0.4345604162347458,0.5312746593948144
@ImALadyDangIt I've switched my sub over there anyway,neither,0.01765401410090698,0.3451485159441717,0.6371974699549214
Bidet from NoLa,neither,0.04228451509352876,0.2823214250720796,0.6753940598343917
Bidet from Oregon,neither,0.04071751644889743,0.3089174816120565,0.6503650019390461
@Totality911 Happy to help. :),neither,0.04849246344574868,0.3251480497161178,0.6263594868381335
what's up my dude and dudettes,neither,0.027324043118462576,0.44298717689370815,0.5296887799878292
bidet from Pennsylvania,neither,0.04069404815304118,0.30931579984010865,0.6499901520068502
"Bidet from the land of 10,000 lakes",neither,0.03956275538994322,0.3012861933760691,0.6591510512339878
@TheWall2BallstotheWall it'll be on YouTbe monday,neither,0.03528617724543917,0.3504811586653002,0.6142326640892606
rotting fruit op,neither,0.03945320844208391,0.33037608806864915,0.630170703489267
hi everyone :),neither,0.032490659208996964,0.4485487193596734,0.5189606214313296
This was awesome,neither,0.03918090562644139,0.33499777750382237,0.6258213168697362
~Uk'aota~...…,neither,0.03945320844208391,0.33037608806864915,0.630170703489267
"Bidget from Reno,Nevada",neither,0.040334677536117594,0.315415257091876,0.6442500653720065
bidet from North Carolina,neither,0.04040057148408362,0.31429686482539193,0.6453025636905245
Happy National Coming Out Day! gandsTWC,neither,0.03605153092316975,0.3320054686242627,0.6319430004525675
@leviadance somos três meu amigo,neither,0.03945320844208391,0.33037608806864915,0.630170703489267
gandsHype,neither,0.03945320844208391,0.33037608806864915,0.630170703489267
bidet from Vancouver!,neither,0.04228451509352876,0.2823214250720796,0.6753940598343917
bidet from Michigan,neither,0.040769555981420263,0.3080342349327864,0.6511962090857933
All caught up from podcast. Let’s go Ford!!!!!,neither,0.028192093405160785,0.4510256884252568,0.5207822181695825
Bidet from Toronto!,neither,0.04066490145509902,0.30981049537100724,0.6495246031738937
i personally dont like the way caleb deals with fjord,neither,0.03744519317524809,0.35406362742234865,0.6084911794024033
critroleIronsnitch,neither,0.03945320844208391,0.33037608806864915,0.630170703489267
Jumanji,neither,0.03945320844208391,0.33037608806864915,0.630170703489267
Oregon Boyzzzzzz,neither,0.03945320844208391,0.33037608806864915,0.630170703489267
"Bidet from Bellingham, WA",neither,0.04071751644889743,0.3089174816120565,0.6503650019390461
@GuyWithPasta its available in podcast form too! its very worth it,neither,0.03159130114531857,0.33563019910221453,0.632778499752467
bidet,neither,0.03945320844208391,0.33037608806864915,0.630170703489267
@TheWall2BallstotheWall i think there's a command for it like !rbschedule or something,neither,0.042069485600364886,0.2635960738823933,0.6943344405172417
HeyGuys,neither,0.03945320844208391,0.33037608806864915,0.630170703489267
Bidet from AZ.,neither,0.04078317879478948,0.307803020237201,0.6514138009680096
@TheWall2BallstotheWall usually reboadcasts right after the live and Friday. you can check after live shows end by using !RbSchedule,neither,0.048264100055740715,0.37957887921645117,0.5721570207278082
forsenY Lets go!!! Critital Role gandsLessthanthree gandsLessthanthree gandsLessthanthree,neither,0.03982659812902013,0.34795655838650186,0.6122168434844779
Bidet from NSW Australia! geefLul geefLul geefLul,neither,0.04062582848913359,0.31047366557575606,0.6489005059351104
-whispers- Uk'otoaaaaaaaaa,neither,0.03945320844208391,0.33037608806864915,0.630170703489267
holy crap im here when it's live,neither,0.06358689638859814,0.36363147127023376,0.572781632341168
Bidet from WKU!,neither,0.04228451509352876,0.2823214250720796,0.6753940598343917
"I gotta say, these Hurricanes on Thursday are geting a bit old.",neither,0.0637518928592578,0.3838605752764098,0.5523875318643324
Bidet from Orlando! I totally forgot it was Thursday!,neither,0.039120135330502286,0.32010959719537646,0.6407702674741214
Bidet from Toronto!!!,neither,0.04066490145509902,0.30981049537100724,0.6495246031738937
Bidet!,neither,0.03945320844208391,0.33037608806864915,0.630170703489267
Bidet from St. Cloud,neither,0.04049937143341105,0.3126199718379845,0.6468806567286045
gandsTwenty gandsTwenty gandsTwenty,neither,0.03945320844208391,0.33037608806864915,0.630170703489267
Gluten Almonds from Mosquito Hell.,offensive_language,0.041816908627411074,0.6422358751421838,0.31594721623040506
bidet from partially flooded Western NC,neither,0.040097476860853534,0.3194411715955402,0.6404613515436062
LOL @emmyawardwinner,neither,0.020706217963973744,0.4882283491876925,0.4910654328483337
Beep Beep and Bidet from Tampa,neither,0.039670422827289976,0.26681207269915463,0.6935175044735555
"Matt and Travis flirting is always fun, hah",neither,0.042471473996719,0.33679180152317617,0.6207367244801048
Bidet from NSW Australia,neither,0.04062582848913359,0.31047366557575606,0.6489005059351104
"flirting with matt, im so jealous",neither,0.030662884002523372,0.41592564339589977,0.5534114726015767
Thank you very much everybody,neither,0.05004821354462845,0.38470540421223937,0.5652463822431323
bidet from Florida,neither,0.0408948396164547,0.30590784468201904,0.6531973157015263
I want to know how much they were penalized for calling NPC COSTCO,neither,0.03662106157731594,0.2827360603516436,0.6806428780710404
!rbschedule,neither,0.03945320844208391,0.33037608806864915,0.630170703489267
Find the rebroadcast schedule for today here: http://bit.ly/WedRebroadcast,neither,0.05993176898675194,0.16282973960513905,0.7772384914081091
Bidet from Colorado! critroleAwnp,neither,0.04066490145509902,0.30981049537100724,0.6495246031738937
bidet from Pittsburgh PA USA!,neither,0.04022135297240217,0.31733867069167054,0.6424399763359273
Bidet from orlando,neither,0.04062582848913359,0.31047366557575606,0.6489005059351104
hello! from gold coast aus,neither,0.04033348944860596,0.31543542203760977,0.6442310885137843
"Bidet from Bergen, Norway!",neither,0.04228451509352876,0.2823214250720796,0.6753940598343917
Marisha's outfit was so cool,neither,0.039281693421592184,0.37896456917785826,0.5817537374005496
"bidet from RNO, NV!!",neither,0.04228451509352876,0.2823214250720796,0.6753940598343917
sup critters,neither,0.03945320844208391,0.33037608806864915,0.630170703489267
bidet?,neither,0.03945320844208391,0.33037608806864915,0.630170703489267
I'm hype as hell,offensive_language,0.040072690468914124,0.7709681193138539,0.18895919021723184
too bad there isnt a way to have twitch notify you when the recap is done and the actual game starts,neither,0.04400694125450727,0.3086092536419413,0.6473838051035513
BIDET FROM MASSACHUSETTS,neither,0.04069404815304118,0.30931579984010865,0.6499901520068502
@phoelin_ Indeed! I'm glad I saved all my supplies from last time,neither,0.03240760708821953,0.4428818854911142,0.5247105074206663
Beedayt,neither,0.03945320844208391,0.33037608806864915,0.630170703489267
!piratename,neither,0.03945320844208391,0.33037608806864915,0.630170703489267
BIDET,neither,0.03945320844208391,0.33037608806864915,0.630170703489267
"Ahoy there, @seventhluck! Yarr name be, Captain Gold Smythe! Huzzah!",neither,0.03969532103388174,0.30211817343640857,0.6581865055297096
reeeeeeeeeeeeeeeee,neither,0.03945320844208391,0.33037608806864915,0.630170703489267
"@thewall2ballstothewall VOD is usually available after, and YT is submitted Monday",neither,0.04814898526645801,0.30503254984263434,0.6468184648909078
Bidet from New Hampshire!,neither,0.04402155579737495,0.2236345274837781,0.7323439167188469
North Carolina,neither,0.03945320844208391,0.33037608806864915,0.630170703489267
PowerUpL TwitchLit PowerUpR,neither,0.03945320844208391,0.33037608806864915,0.630170703489267
bidet from RIT in New York,neither,0.044507245524518686,0.21165880038843696,0.7438339540870443
-whispers- Uk'otoaaaaaaaaa,neither,0.03945320844208391,0.33037608806864915,0.630170703489267
"Not gonna lie, thought they were gonna make out",neither,0.036594894494562186,0.32561765514093666,0.637787450364501
"not just costco, JUMANJI COSTCO",neither,0.027940583400791495,0.3864789147676597,0.5855805018315489
beep beep from pa,neither,0.04069404815304118,0.30931579984010865,0.6499901520068502
power overwhelming!,neither,0.03945320844208391,0.33037608806864915,0.630170703489267
Bidet from NW Pennsylvania,neither,0.04034574383703774,0.31522743308451706,0.6444268230784452
wow,neither,0.03945320844208391,0.33037608806864915,0.630170703489267
"who's watching the talks machina from NYCC, cause they just watched the live show",neither,0.046322201588191524,0.3215933450462023,0.6320844533656061
Is this review new?,neither,0.053145696120534484,0.23185621248031651,0.7149980913991489
bidet from #thehurricanemissedme,neither,0.04228451509352876,0.2823214250720796,0.6753940598343917
gandsTwenty gandsTwenty gandsTwenty gandsTwenty,neither,0.03945320844208391,0.33037608806864915,0.630170703489267
Bidit from south carolina,neither,0.04043176250036363,0.31376747187705417,0.6458007656225822
bidet from north bay Canada,neither,0.040253007434673714,0.31680141185535904,0.6429455807099674
Yeah Reno,neither,0.023507678412445245,0.4412251867422846,0.5352671348452701
"bidet from Louisville, KY",neither,0.04034574383703774,0.31522743308451706,0.6444268230784452
@taraquest Right? :D,neither,0.03719022913728602,0.3744360956046963,0.5883736752580178
Hey y’all!,neither,0.04285346742239823,0.46255625023407465,0.49459028234352725
!piratename,neither,0.03945320844208391,0.33037608806864915,0.630170703489267
Bidet from the Van down by the side of the river =),neither,0.03550878885546712,0.33931378770127185,0.625177423443261
Bidet from Elk Grove,neither,0.04228451509352876,0.2823214250720796,0.6753940598343917
Matt's got major game,neither,0.037719891830702026,0.33211375180765423,0.6301663563616438
"Ahoy there, @kkman8! Yarr name be, First Mate Giant Rock! Huzzah!",neither,0.03520507390822909,0.3074831285021166,0.6573117975896542
I hope for a heavy dex and strengh based Lizard Folk,neither,0.06018180616029647,0.2243762738263223,0.7154419200133811
bidet bidet from omahaaaa,neither,0.04228451509352876,0.2823214250720796,0.6753940598343917
fantasy costco?!?!?!,neither,0.03945320844208391,0.33037608806864915,0.630170703489267
BIDET!,neither,0.03945320844208391,0.33037608806864915,0.630170703489267
"Bidet from Alberta, Canada",neither,0.040354386843928725,0.3150807387011266,0.6445648744549448
So that's what happened LUL,neither,0.04045889638208241,0.39971656084318113,0.5598245427747364
NEIN,neither,0.03945320844208391,0.33037608806864915,0.630170703489267
Must has been a chore to choose the cutouts.,neither,0.04568429490101438,0.29688449913315873,0.657431205965827
"It's so, so cool that there are critters all over the globe!",neither,0.04972051274006349,0.39968299293983084,0.5505964943201057
bidet from minnesota,neither,0.04071751644889743,0.3089174816120565,0.6503650019390461
Bidet from Minas Tirith,neither,0.04228451509352876,0.2823214250720796,0.6753940598343917
Bidet from Dallas Texas! :D,neither,0.040526092357498496,0.3121664480201657,0.6473074596223359
ooh boy,neither,0.03945320844208391,0.33037608806864915,0.630170703489267
Bidet from Boston,neither,0.040769555981420263,0.3080342349327864,0.6511962090857933
jzbgierjgr,neither,0.03945320844208391,0.33037608806864915,0.630170703489267
critroleMeta,neither,0.03945320844208391,0.33037608806864915,0.630170703489267
so they're going to be going in some caves right what do you think they're going to be fighting,neither,0.07192527417381459,0.39328211596427454,0.5347926098619109
bidet from West Haven CT!,neither,0.04030188007143805,0.31597191566204985,0.6437262042665121
"bidet all, hyped for this ep",neither,0.0354647629455249,0.35907374681765614,0.6054614902368189
His were red and bled. I don't think there's a connection.,neither,0.05844597088616077,0.24876150331721827,0.692792525796621
I think Avantica made a blood ritual to give Fjord his new dream that confirms what she said O.O,neither,0.06238153131638535,0.339636288518697,0.5979821801649178
Bidet from Niagara Falls,neither,0.04078317879478948,0.307803020237201,0.6514138009680096
Bidet from USA,neither,0.040737273169946825,0.30858215849491494,0.6506805683351382
nein tattoos,neither,0.03945320844208391,0.33037608806864915,0.630170703489267
@madetoni has the king returned yet?,neither,0.038933428527477804,0.3064460444375561,0.6546205270349661
"Fantasy Costco, where all your dreams come true!",neither,0.06514257033267723,0.3756823758020075,0.5591750538653153
gandsDrink gandsCaleb,neither,0.03945320844208391,0.33037608806864915,0.630170703489267
I can’t find the subscribe button ;-;,neither,0.042984841511202465,0.21536302417477432,0.7416521343140233
I love the recaps i was behind 4 ep,neither,0.03609838599178937,0.32943686466490796,0.6344647493433027
bidet from oregon,neither,0.04071751644889743,0.3089174816120565,0.6503650019390461
Bidet from NorCal,neither,0.04228451509352876,0.2823214250720796,0.6753940598343917
So many Florida folks tonight!,neither,0.03698608068538502,0.34625537833843856,0.6167585409761764
geefSip geefSip geefSip geefSip,neither,0.03945320844208391,0.33037608806864915,0.630170703489267
Haven't seen this live for a while,neither,0.037734215219331,0.3045610562989131,0.6577047284817559
Lizards!!!!,neither,0.03945320844208391,0.33037608806864915,0.630170703489267
Bidet from Buffalo!,neither,0.04069404815304118,0.30931579984010865,0.6499901520068502
bidet from fl,neither,0.04066490145509902,0.30981049537100724,0.6495246031738937
Bidet from Brazil,neither,0.04079557052152802,0.30759270029461827,0.6516117291838538
Someone say jumanji?,neither,0.03945320844208391,0.33037608806864915,0.630170703489267
bidet from ontario,neither,0.04062582848913359,0.31047366557575606,0.6489005059351104
I like the recap,neither,0.05135496297302672,0.32830243224729544,0.620342604779678
Bidet from Florida :),neither,0.0408948396164547,0.30590784468201904,0.6531973157015263
Bidet from Pennsylvania,neither,0.04069404815304118,0.30931579984010865,0.6499901520068502
Bidet from Indiana!,neither,0.0408364874901429,0.30689823255244486,0.6522652799574122
jvyhj is v,neither,0.081172750358939,0.3160268245287109,0.60280042511235
Bidet from Skåne,neither,0.04228451509352876,0.2823214250720796,0.6753940598343917
Drama perfectly timed to the music!,neither,0.04439672348236701,0.31322050018942194,0.6423827763282111
Bidet from Kentucky,neither,0.04071751644889743,0.3089174816120565,0.6503650019390461
hi,neither,0.03945320844208391,0.33037608806864915,0.630170703489267
U K ' O T O A K ' O T O A,neither,0.03945320844208391,0.33037608806864915,0.630170703489267
!piratename,neither,0.03945320844208391,0.33037608806864915,0.630170703489267
"Ahoy there, @MistaHaeval! Yarr name be, Gunner Tusk Slaughter! Huzzah!",neither,0.039708721863540845,0.30058084839031707,0.6597104297461421
And a thousand seamen are wasted,neither,0.061966499792394145,0.25396896629340276,0.684064533914203
Bidet from Mexico!,neither,0.040769555981420263,0.3080342349327864,0.6511962090857933
"Oh, crap, I forgot this part!",neither,0.04369345744979405,0.2902615262896777,0.6660450162605283
Yay the best birthday present critical roll!,neither,0.038352195331634455,0.31567854027745956,0.6459692643909061
"Whooo!!!! Beep Beep and Bidet from Spring, Tx!!!!",neither,0.03962759915129754,0.27743169150435204,0.6829407093443505
-whispers- Uk'otoaaaaaaaaa,neither,0.03945320844208391,0.33037608806864915,0.630170703489267
Bidet from Alaska!,neither,0.04066490145509902,0.30981049537100724,0.6495246031738937
who's ready for ugathoa,neither,0.03183573088070912,0.3699757289565737,0.5981885401627172
Bidet from Wyoming!,neither,0.04069404815304118,0.30931579984010865,0.6499901520068502
Is the screen black at the moment?,neither,0.06383971596023064,0.3040273437766688,0.6321329402631007
!piratename,neither,0.03945320844208391,0.33037608806864915,0.630170703489267
"Ahoy there, @michajah! Yarr name be, Sailing Master Tusk Mapripper! Huzzah!",neither,0.0397198617689264,0.29930468741079896,0.6609754508202746
"Caleb has bad experiences with ambitious magical artifacts, I doubt he likes what's revealed with Fjord and his patron",neither,0.04355779967803499,0.3621699418705192,0.5942722584514457
"Happy Thursday, y'all ✌🤗",neither,0.04157669691391757,0.41484542194214263,0.5435778811439397
I'm from KY too :),neither,0.04026921161036895,0.31652638470428207,0.643204403685349
!piratename,neither,0.03945320844208391,0.33037608806864915,0.630170703489267
I hope it's Yuan-ti on the island...i,neither,0.06328589188233717,0.23335696400017703,0.7033571441174858
"Ahoy there, @Sorenthewarrior ! Yarr name be, Captain Goth Kraken! Huzzah!",neither,0.03968460949612734,0.3033487214337965,0.6569666690700762
Bidet from Kentucky! :),neither,0.04071751644889743,0.3089174816120565,0.6503650019390461
Where’s the subscribe button,neither,0.04048357832375838,0.2763514995875195,0.683164922088722
hype,neither,0.03945320844208391,0.33037608806864915,0.630170703489267
omg if this keeps on without the actual game starting i might have to leave and watch later when it goes to youtube,neither,0.031153780258232625,0.33974318680682125,0.6291030329349461
!piratename,neither,0.03945320844208391,0.33037608806864915,0.630170703489267
Costco!,neither,0.03945320844208391,0.33037608806864915,0.630170703489267
costco,neither,0.03945320844208391,0.33037608806864915,0.630170703489267
Bidet from Seattle!,neither,0.040754399270683486,0.3082914838698526,0.650954116859464
hey,neither,0.03945320844208391,0.33037608806864915,0.630170703489267
Bidet from Arizona,neither,0.04078317879478948,0.307803020237201,0.6514138009680096
by best friends getting married Dec 1st,neither,0.03680131025308259,0.4000130674152289,0.5631856223316885
have a good night y'all! critroleGoldsnitch <3,neither,0.030567193686195968,0.44043844589542114,0.5289943604183828
critroleBidet,neither,0.03945320844208391,0.33037608806864915,0.630170703489267
!piratename,neither,0.03945320844208391,0.33037608806864915,0.630170703489267
"Ahoy there, @hawkinaround! Yarr name be, First Mate Sea Slaughter! Huzzah!",neither,0.03546763083470028,0.30895801640549947,0.6555743527598001
snekmen,neither,0.03945320844208391,0.33037608806864915,0.630170703489267
!piratename,neither,0.03945320844208391,0.33037608806864915,0.630170703489267
!sub,neither,0.03945320844208391,0.33037608806864915,0.630170703489267
Help support the #GnSLive twitch channel! $4.99/month gets you exclusive sub-only benefits and helps keep the channel alive! Thanks! twitch.tv/geekandsundry/subscribe or for MOBILE https://secure.twitch.tv/products/geekandsundry/ticket/new,neither,0.047564760200365624,0.28780811278399754,0.6646271270156369
I’m here wooohooo thank god Work got out early,neither,0.07081568846323366,0.33532341653863335,0.593860894998133
!piratename,neither,0.03945320844208391,0.33037608806864915,0.630170703489267
Bidet from Cincinnati!,neither,0.04228451509352876,0.2823214250720796,0.6753940598343917
Bidet from Wisconsin!,neither,0.04071751644889743,0.3089174816120565,0.6503650019390461
But....I wanna know about the accent as well!!!,neither,0.03346341708342315,0.373477767382288,0.5930588155342887
yes!,neither,0.03945320844208391,0.33037608806864915,0.630170703489267
Bidet all o/,offensive_language,0.046917543854519406,0.6277741405869331,0.3253083155585475
Bidet from ATX!!,neither,0.04228451509352876,0.2823214250720796,0.6753940598343917
thursday,neither,0.03945320844208391,0.33037608806864915,0.630170703489267
Costco aka Sam's Club,neither,0.03945320844208391,0.33037608806864915,0.630170703489267
"There are a lot of Brazilians here, I’m not the only one",neither,0.11725895618999914,0.23448419419893565,0.6482568496110652
Bidet from Indianapolis,neither,0.04062582848913359,0.31047366557575606,0.6489005059351104
Bidet from Radium!,neither,0.04228451509352876,0.2823214250720796,0.6753940598343917
Yuan-ti!!!,neither,0.03945320844208391,0.33037608806864915,0.630170703489267
That's now!!!!!,neither,0.0315399419791559,0.4177955650052496,0.5506644930155946
!piratename,neither,0.03945320844208391,0.33037608806864915,0.630170703489267
thats right now :-,neither,0.038186582868628714,0.3550755139072602,0.606737903224111
"Ahoy there, @BwayBound09! Yarr name be, Boatswain Rusty Mapripper! Huzzah!",neither,0.039708721863540845,0.30058084839031707,0.6597104297461421
gandsLHMercer,neither,0.03945320844208391,0.33037608806864915,0.630170703489267
!piratename,neither,0.03945320844208391,0.33037608806864915,0.630170703489267
Bidet from Kentucky!,neither,0.04071751644889743,0.3089174816120565,0.6503650019390461
Bidet from Atlanta!,neither,0.04078317879478948,0.307803020237201,0.6514138009680096
Jumanji Costco,neither,0.03945320844208391,0.33037608806864915,0.630170703489267
Bidet from CA,neither,0.04084513770590474,0.30675141581570226,0.6524034464783931
"Thank you, Dani!!! <3",neither,0.056569537053094594,0.387589590314071,0.5558408726328344
Hey that's now,neither,0.03405554423250078,0.3894677484934033,0.576476707274096
Bidet from Wisconsin,neither,0.04071751644889743,0.3089174816120565,0.6503650019390461
Congrats on the friends wedding!!,neither,0.03630131584363477,0.32793739180450887,0.6357612923518563
Is it Thursday yet?,neither,0.04651135664277627,0.32794846724679255,0.6255401761104311
Costco and the snake people LOL,neither,0.05637788689088418,0.3251339716371664,0.6184881414719494
Bidet from New York!!,neither,0.044690599332616286,0.20708884905532376,0.7482205516120599
Jumanji Costco!,neither,0.03945320844208391,0.33037608806864915,0.630170703489267
Snekmen and Lahzardmen,neither,0.03763944115734239,0.1918412352459551,0.7705193235967025
@redmonsterforge the game isn't even supposed to start for 7 more minutes lol,neither,0.03407046506882591,0.31053912628771274,0.6553904086434613
ChipotleChip HSCheers,neither,0.03945320844208391,0.33037608806864915,0.630170703489267
Is it Thursday yet ???!!!,neither,0.04651135664277627,0.32794846724679255,0.6255401761104311
hyped,neither,0.03945320844208391,0.33037608806864915,0.630170703489267
Sooooo now!!!!!,neither,0.03945320844208391,0.33037608806864915,0.630170703489267
Bidet from California!,neither,0.06971251856910227,0.2972619859879888,0.633025495442909
Bidet from Birch Run Michigan!,neither,0.04055406810657141,0.3116916265475112,0.6477543053459175
Never seen this live! So excited! 🎉,neither,0.03947364756357785,0.40550916450272123,0.5550171879337008
!piratename,neither,0.03945320844208391,0.33037608806864915,0.630170703489267
@norse_mistess eyyyy!! me too! bidet from cincy!!,neither,0.03447312063239609,0.3497069660740724,0.6158199132935315
"Ahoy there, @AKStuntmanMike! Yarr name be, Captain One Eyed Slaughter! Huzzah!",neither,0.03915003422909497,0.32546429032493285,0.6353856754459722
BIDET from Tennessee!!!!,neither,0.04071751644889743,0.3089174816120565,0.6503650019390461
woo bidet from AZ,neither,0.04039617012658628,0.31437156734874944,0.6452322625246643
Thank you Dani!,neither,0.056569537053094594,0.387589590314071,0.5558408726328344
!piratename,neither,0.03945320844208391,0.33037608806864915,0.630170703489267
bidet for TN,neither,0.0322289169994526,0.29433324177559567,0.6734378412249518
Best birthday evvvvar!,neither,0.03822389429313849,0.320081969654117,0.6416941360527445
@BwayBound09 thats in CR Twitch chat,neither,0.03945320844208391,0.33037608806864915,0.630170703489267
critroleDani,neither,0.03945320844208391,0.33037608806864915,0.630170703489267
!piratename,neither,0.03945320844208391,0.33037608806864915,0.630170703489267
!piratename,neither,0.03945320844208391,0.33037608806864915,0.630170703489267
critroleBts critroleBts critroleBts,neither,0.03945320844208391,0.33037608806864915,0.630170703489267
"Ahoy there, @LolipopPunk! Yarr name be, Captain ~*{RaWr}*~ Dog! Huzzah!",neither,0.039665469831346716,0.30555144570262055,0.6547830844660327
bibett,neither,0.03945320844208391,0.33037608806864915,0.630170703489267
HYPE! gandsLessthanthree gandsLessthanthree gandsLessthanthree gandsLessthanthree gandsLessthanthree gandsLessthanthree,neither,0.03945320844208391,0.33037608806864915,0.630170703489267
Thursday!,neither,0.03945320844208391,0.33037608806864915,0.630170703489267
im so excited for my first live show,neither,0.03244103957957121,0.37401448511800195,0.5935444753024269
first time watching live. always working,neither,0.03461837789220405,0.39216181048496374,0.5732198116228321
bidet from missouri,neither,0.04071751644889743,0.3089174816120565,0.6503650019390461
!piratename,neither,0.03945320844208391,0.33037608806864915,0.630170703489267
Up your’s!,neither,0.1321985282108744,0.4326707331094339,0.4351307386796917
bidet form ny!,neither,0.03945320844208391,0.33037608806864915,0.630170703489267
!playlist,neither,0.03945320844208391,0.33037608806864915,0.630170703489267
"Ahoy there, @gripthor! Yarr name be, Boatswain Yung Barrel! Huzzah!",neither,0.03968801616951035,0.3029571912753372,0.6573547925551525
bidet from texas! how was your week everyone?,neither,0.05850202746891329,0.3974391851034335,0.5440587874276532
critroleMatt,neither,0.03945320844208391,0.33037608806864915,0.630170703489267
Bidet from mass,neither,0.04078317879478948,0.307803020237201,0.6514138009680096
bidet,neither,0.03945320844208391,0.33037608806864915,0.630170703489267
gandsRaid,neither,0.03945320844208391,0.33037608806864915,0.630170703489267
HEYY FIRST,neither,0.03217609621446155,0.3328790206600943,0.6349448831254441
Bidet from Minnesota,neither,0.04071751644889743,0.3089174816120565,0.6503650019390461
bidet from florida!!!!!!!!,neither,0.0408948396164547,0.30590784468201904,0.6531973157015263
its about tto go down!!!!,neither,0.031578871978172454,0.37220756790484005,0.5962135601169875
QUICK! What did Vax set his armor to?,neither,0.07257550902703647,0.32449865226366115,0.6029258387093023
lol,neither,0.020706217963973744,0.4882283491876925,0.4910654328483337
Its friday here :P,neither,0.0849682881920488,0.2886396999428958,0.6263920118650553
dip dip tater chip,neither,0.03945320844208391,0.33037608806864915,0.630170703489267
Love you Dani,neither,0.05457185420084487,0.40143221089300524,0.5439959349061498
Bidet from Portland,neither,0.04066490145509902,0.30981049537100724,0.6495246031738937
Bidet from Finland,neither,0.04228451509352876,0.2823214250720796,0.6753940598343917
I needed that recap after last week,neither,0.036660245749204054,0.36060076613636033,0.6027389881144357
Bidet from Brisbane Australia,neither,0.04062582848913359,0.31047366557575606,0.6489005059351104
Bidet from Tennessee!,neither,0.04071751644889743,0.3089174816120565,0.6503650019390461
Bidet from Nashville,neither,0.04071751644889743,0.3089174816120565,0.6503650019390461
Bidet from Lubbock Texas!,neither,0.040937266849991,0.30518774380265185,0.6538749893473571
!piratename,neither,0.03945320844208391,0.33037608806864915,0.630170703489267
I hope my grandmother evacuated,neither,0.08071169749976662,0.27360826423169177,0.6456800382685416
Once again another awesome Recap. Thanks Dani.,neither,0.062491722784887294,0.2944814168800178,0.643026860335095
Snakes on the ship!!!!,neither,0.03628826520422476,0.32792834270942006,0.6357833920863553
"Ahoy there, @OoAzuriioO! Yarr name be, First Mate Goth Bear! Huzzah!",neither,0.03533863381119159,0.30823441252484113,0.6564269536639673
bidet from AL,neither,0.04724196013466046,0.19818064482348735,0.7545773950418522
Bidet from Halifax Nova Scotia Canada,neither,0.04071751644889743,0.3089174816120565,0.6503650019390461
bidet,neither,0.03945320844208391,0.33037608806864915,0.630170703489267
!piratename,neither,0.03945320844208391,0.33037608806864915,0.630170703489267
!piratename,neither,0.03945320844208391,0.33037608806864915,0.630170703489267
yeet,neither,0.03945320844208391,0.33037608806864915,0.630170703489267
bedit from new orleans,neither,0.04450700662299174,0.21166473641774403,0.7438282569592642
Aloha from hawaii,neither,0.040334677536117594,0.315415257091876,0.6442500653720065
Biday,neither,0.03945320844208391,0.33037608806864915,0.630170703489267
Bidet from Minnesota,neither,0.04071751644889743,0.3089174816120565,0.6503650019390461
bidet my fellow critters critroleBidet,neither,0.02585273357927581,0.43921537444690584,0.5349318919738183
Bidet,neither,0.03945320844208391,0.33037608806864915,0.630170703489267
!piratename,neither,0.03945320844208391,0.33037608806864915,0.630170703489267
Bidet from Florida,neither,0.0408948396164547,0.30590784468201904,0.6531973157015263
!piratename,neither,0.03945320844208391,0.33037608806864915,0.630170703489267
bidet,neither,0.03945320844208391,0.33037608806864915,0.630170703489267
"Ahoy there, @meryahfromthegarden! Yarr name be, First Mate Goth Legs! Huzzah!",neither,0.035312603917098,0.3080881591469016,0.6565992369360005
Did the sound distort for anyone else?,neither,0.033681339310580455,0.2921663648844596,0.67415229580496
Bidet from Toronto,neither,0.04066490145509902,0.30981049537100724,0.6495246031738937
!piratename,neither,0.03945320844208391,0.33037608806864915,0.630170703489267
Bidet from the UK,neither,0.039613273355342184,0.2892653269430044,0.6711213997016535
bidet from colonial williamsburg! <3,neither,0.04062582848913359,0.31047366557575606,0.6489005059351104
Bidet from MA,neither,0.031816597323666866,0.4599893087150652,0.5081940939612679
momlan,neither,0.03945320844208391,0.33037608806864915,0.630170703489267
MOMLAN,neither,0.03945320844208391,0.33037608806864915,0.630170703489267
bitet,neither,0.03945320844208391,0.33037608806864915,0.630170703489267
Bidet from Sweden,neither,0.04228451509352876,0.2823214250720796,0.6753940598343917
MOMLAN,neither,0.03945320844208391,0.33037608806864915,0.630170703489267
BIDET FROM TEXAS,neither,0.040937266849991,0.30518774380265185,0.6538749893473571
it did it here no worries,neither,0.07281048838248198,0.31149044649279073,0.6156990651247273
Bidet from NYC,neither,0.04081748366884477,0.3072207769958956,0.6519617393352596
I lost the link you sent,neither,0.052835650842254354,0.3543807811754761,0.5927835679822696
Momlan is the best Fandom Mom,neither,0.04793356676122731,0.29838543409271095,0.6536809991460618
Bidet to you,offensive_language,0.20938909734140224,0.48684321419936677,0.303767688459231
!song,neither,0.038601720699969956,0.3448280572582511,0.616570222041779
Bidet from Missouri,neither,0.04071751644889743,0.3089174816120565,0.6503650019390461
momlan!!,neither,0.03945320844208391,0.33037608806864915,0.630170703489267
first time beibg able to watch live!!! so excited!!,neither,0.04493884305537396,0.37296401123657646,0.5820971457080496
Bidet and beep beep.,neither,0.03763944115734239,0.1918412352459551,0.7705193235967025
!piratename,neither,0.03945320844208391,0.33037608806864915,0.630170703489267
Bidet from Labrador,neither,0.04228451509352876,0.2823214250720796,0.6753940598343917
!piratename,neither,0.03945320844208391,0.33037608806864915,0.630170703489267
"Ahoy there, @ClockworkAnge1! Yarr name be, Captain Land Dog! Huzzah!",neither,0.039675924020129164,0.30434767042595134,0.6559764055539196
Bidet from Nova Scotia!,neither,0.04228451509352876,0.2823214250720796,0.6753940598343917
!piratename,neither,0.03945320844208391,0.33037608806864915,0.630170703489267
Bidet from Indonesia,neither,0.04066490145509902,0.30981049537100724,0.6495246031738937
Bidet from Philadelphia!,neither,0.04066490145509902,0.30981049537100724,0.6495246031738937
!piratename,neither,0.03945320844208391,0.33037608806864915,0.630170703489267
Bidet from bama,neither,0.04069404815304118,0.30931579984010865,0.6499901520068502
Goth Legs??!??,neither,0.03945320844208391,0.33037608806864915,0.630170703489267
And its Thursday boys,neither,0.03279876742505403,0.29283331435526855,0.6743679182196775
bidet from kcmo,neither,0.04228451509352876,0.2823214250720796,0.6753940598343917
Yeah the pitch is changing rapidly,neither,0.03041494290397369,0.404511954038776,0.5650731030572504
Momlan has fanart? I love this community!,neither,0.03676321345777605,0.3388644559379267,0.6243723306042973
Bidet lovelies <3 Hope you all have a good night and enjoy the episode!,neither,0.07362709496342339,0.28620211780456195,0.6401707872320146
bidet from Rio,neither,0.04066490145509902,0.30981049537100724,0.6495246031738937
Bidet from my heart,neither,0.026162131439179035,0.4240336281533155,0.5498042404075053
well i come back later. im only on episode 14 from youtube so i have a TON to catch up on first.,neither,0.03416412144042014,0.41286190751788643,0.5529739710416933
critroleBidet critroleBidet critroleBidet critroleBidet,neither,0.03945320844208391,0.33037608806864915,0.630170703489267
Bidet from Malaysia,neither,0.04228451509352876,0.2823214250720796,0.6753940598343917
Bidet from Portland,neither,0.04066490145509902,0.30981049537100724,0.6495246031738937
Hows every body doing? Anyone here still miss molly?,neither,0.05776498130603143,0.31912237145362676,0.6231126472403418
The Minoan art! Omg ❤️,neither,0.03848893960259034,0.31270342025256287,0.6488076401448469
!piratename,neither,0.03945320844208391,0.33037608806864915,0.630170703489267
Butt fountain from pittsburgh,neither,0.043993068480207294,0.3466175545270572,0.6093893769927355
"Ahoy there, @Asathoth! Yarr name be, First Mate Yung Parrot! Huzzah!",neither,0.03537501425789686,0.3084386872686431,0.6561862984734601
bidet from Pittsburgh,neither,0.04066490145509902,0.30981049537100724,0.6495246031738937
Bidet from Bangor Maine,neither,0.04069404815304118,0.30931579984010865,0.6499901520068502
gandsCaleb gandsJester gandsFjord gandsNott gandsBeau gandsMolly gandsPike,neither,0.03945320844208391,0.33037608806864915,0.630170703489267
my Son,neither,0.02249418853386377,0.4715630647504391,0.5059427467156972
hallo,neither,0.03945320844208391,0.33037608806864915,0.630170703489267
bidet from vt',neither,0.04228451509352876,0.2823214250720796,0.6753940598343917
Bidet,neither,0.03945320844208391,0.33037608806864915,0.630170703489267
Bidet from Nevada,neither,0.04066490145509902,0.30981049537100724,0.6495246031738937
Bidet from maine,neither,0.04069404815304118,0.30931579984010865,0.6499901520068502
"jumaaaanjiiii its the jungle inside your soulllllll, with survival your ONLY goalllllll, plunge the jewl inside say the name of the gameeeeee!",neither,0.04997194859840245,0.157365340340144,0.7926627110614535
Bidet from O-H,neither,0.04228451509352876,0.2823214250720796,0.6753940598343917
Momlan was such a sweet moment ❤️,neither,0.039572741259083596,0.32834730420837077,0.6320799545325457
Bidet from RI,neither,0.04069404815304118,0.30931579984010865,0.6499901520068502
Bidet from Barbados!,neither,0.04228451509352876,0.2823214250720796,0.6753940598343917
!piratename,neither,0.03945320844208391,0.33037608806864915,0.630170703489267
bidet from michigan,neither,0.040769555981420263,0.3080342349327864,0.6511962090857933
"Ahoy there, @uncle_bowel! Yarr name be, First Mate Crusty Dog! Huzzah!",neither,0.035229307711857914,0.3076196032362986,0.6571510890518435
I seriously want to steal Costco for my home game,neither,0.030417421224428882,0.3340271516082607,0.6355554271673105
ITS TIME !!! See you later Subs lolol,neither,0.0444956378278308,0.3795661787440006,0.5759381834281685
"Bidet from St. Louis, MO!",neither,0.040325751892290734,0.3155667485616919,0.6441074995460174
WOOT,neither,0.03945320844208391,0.33037608806864915,0.630170703489267
gandsTrinketArmor,neither,0.03945320844208391,0.33037608806864915,0.630170703489267
hey],neither,0.03945320844208391,0.33037608806864915,0.630170703489267
Hope all the critters in Hurricane Michael’s path made it through okay!,neither,0.05947845237417555,0.29045129214022386,0.6500702554856006
"Bidet from Edificant Library, Snowflake Mountains, Faerun",neither,0.04069404815304118,0.30931579984010865,0.6499901520068502
Bidet from Toronto!,neither,0.04066490145509902,0.30981049537100724,0.6495246031738937
heh crash pandas,neither,0.03945320844208391,0.33037608806864915,0.630170703489267
Bidet from St. Louis!,neither,0.040470992782370326,0.313101631608523,0.6464273756091067
Bidet from Alabama!,neither,0.04078317879478948,0.307803020237201,0.6514138009680096
did they already stream tonights episode?,neither,0.038621745911884414,0.3444881771504242,0.6168900769376914
"bidet from Albuquerque, New Mexico!",neither,0.04441189881032757,0.21402420332822164,0.7415638978614508
Wait is momlan in the chat?,neither,0.04712682869737497,0.31065688344333303,0.642216287859292
"Uh, Momlan lol. Stupid autocorrect",neither,0.10732342397282067,0.2692926485383813,0.623383927488798
crash pandas Pogchamp,neither,0.03945320844208391,0.33037608806864915,0.630170703489267
bidet from NSW Australia,neither,0.04062582848913359,0.31047366557575606,0.6489005059351104
!piratename,neither,0.03945320844208391,0.33037608806864915,0.630170703489267
Last time watching until February 😫😫😫😫,neither,0.03853240640293414,0.3460045017748492,0.6154630918222167
Bidet from Portland OR!,neither,0.040570124267008914,0.3114191116016469,0.6480107641313441
Bidet from Mississippi!,neither,0.040754399270683486,0.3082914838698526,0.650954116859464
"Ahoy there, @SLAPunque! Yarr name be, First Mate Sea Shark! Huzzah!",neither,0.035427452471124984,0.30873284914690835,0.6558396983819667
Bidet from Boston!,neither,0.040769555981420263,0.3080342349327864,0.6511962090857933
IVE been done for a whole month it feels good to be back!!!!!,neither,0.03778051380969309,0.3227680934775499,0.6394513927127571
Mutafucking Yuan-ti on tha muctafuking Ship!,neither,0.037243577049191366,0.3409265728882477,0.621829850062561
Bidet all!,offensive_language,0.046917543854519406,0.6277741405869331,0.3253083155585475
@djsilverdragon I’ll always miss Molly,neither,0.031513635109016086,0.3859138484859771,0.5825725164050068
3 MONTHS,neither,0.03945320844208391,0.33037608806864915,0.630170703489267
Bidet from Texas,neither,0.040937266849991,0.30518774380265185,0.6538749893473571
Bidet from PA,neither,0.04069404815304118,0.30931579984010865,0.6499901520068502
"Bidet from Halifax, Nova Scotia!!",neither,0.04228451509352876,0.2823214250720796,0.6753940598343917
Bidet from maryland,neither,0.04066490145509902,0.30981049537100724,0.6495246031738937
I suppose there's not much people from France here LUL,neither,0.08645586879508003,0.27137498199114346,0.6421691492137765
!piratename,neither,0.03945320844208391,0.33037608806864915,0.630170703489267
Bidet from WI!,neither,0.040737273169946825,0.30858215849491494,0.6506805683351382
audio seems a little odd dont you think?,neither,0.050353557457430406,0.3585156245634756,0.591130817979094
"Bidet, everyone!",offensive_language,0.02988896790634741,0.4927062106388782,0.4774048214547744
"Ahoy there, @darksyde1110! Yarr name be, Boatswain Barnacle Rock! Huzzah!",neither,0.03973104294030248,0.29802539795127553,0.662243559108422
BIDET FROM INDIANA!,neither,0.0408364874901429,0.30689823255244486,0.6522652799574122
Bidet from MO!,neither,0.040912083971464244,0.30561516297332675,0.653472753055209
!piratename,neither,0.03945320844208391,0.33037608806864915,0.630170703489267
critroleBidet,neither,0.03945320844208391,0.33037608806864915,0.630170703489267
!piratname,neither,0.03945320844208391,0.33037608806864915,0.630170703489267
"Bidet from Humboldt Park, Chicago!",neither,0.040519757949136925,0.3122739594615499,0.6472062825893131
Bidet from Spokane,neither,0.04228451509352876,0.2823214250720796,0.6753940598343917
!piratename,neither,0.03945320844208391,0.33037608806864915,0.630170703489267
The crash panda poster was legit..looked real AF,neither,0.034907339214257115,0.38895096964232156,0.5761416911434213
bidet from kansas,neither,0.04071751644889743,0.3089174816120565,0.6503650019390461
"Ahoy there, @theatricalsolitude! Yarr name be, Sailing Master Rusty Lobsterboi! Huzzah!",neither,0.03967900913633878,0.3039927198654418,0.6563282709982194
Bidet from Dallas,neither,0.04081748366884477,0.3072207769958956,0.6519617393352596
!piratename,neither,0.03945320844208391,0.33037608806864915,0.630170703489267
"I''m the first mate, Yung Parrot",neither,0.03357036144348958,0.3200200147750519,0.6464096237814585
Got that dank 30 page lab report to write while watching,neither,0.04003389485134297,0.3738328805843768,0.5861332245642803
OH NO LOOK OUT BEHIND YOU!,neither,0.05963344870090176,0.35929333296412636,0.5810732183349719
Bidet from Ohio,neither,0.040754399270683486,0.3082914838698526,0.650954116859464
!piratename,neither,0.03945320844208391,0.33037608806864915,0.630170703489267
"Hello, @Qu4resm4",neither,0.03945320844208391,0.33037608806864915,0.630170703489267
BIDeT,neither,0.03945320844208391,0.33037608806864915,0.630170703489267
"Ahoy there, @Totality911! Yarr name be, First Mate Cabbage Kraken! Huzzah!",neither,0.03441153024824179,0.3029752297772988,0.6626132399744594
I was at the live show in NYC. It was amazing!,neither,0.05075284816143721,0.2849302841467311,0.6643168676918317
gandsPartyShield gandsCaleb gandsJester gandsNott gandsMolly gandsBeau gandsDrink,neither,0.03945320844208391,0.33037608806864915,0.630170703489267
bidet from WV,neither,0.04069404815304118,0.30931579984010865,0.6499901520068502
Bidet frok Oklahoma,neither,0.03945320844208391,0.33037608806864915,0.630170703489267
Bidet from NEPA,neither,0.04228451509352876,0.2823214250720796,0.6753940598343917
!piratename,neither,0.03945320844208391,0.33037608806864915,0.630170703489267
Bidet from England <3,neither,0.04071751644889743,0.3089174816120565,0.6503650019390461
"Ahoy there, @DemiDerp! Yarr name be, Captain Crusty Smythe! Huzzah!",neither,0.03968579494396944,0.3032124594598785,0.6571017455961522
Bidet! gandsTrinketArmor,neither,0.03945320844208391,0.33037608806864915,0.630170703489267
"bidet, from So Cal.",neither,0.04061893750040714,0.3600390765880909,0.5993419859115019
!piratename,neither,0.03945320844208391,0.33037608806864915,0.630170703489267
!piratename,neither,0.03945320844208391,0.33037608806864915,0.630170703489267
bidet from kcmo,neither,0.04228451509352876,0.2823214250720796,0.6753940598343917
Bidet from Calgary,neither,0.04228451509352876,0.2823214250720796,0.6753940598343917
Bidet from Tucson!!,neither,0.04228451509352876,0.2823214250720796,0.6753940598343917
its HIGH NOON (i dont actually play OW),neither,0.033516236352283485,0.38472456656255916,0.5817591970851576
!piratename,neither,0.03945320844208391,0.33037608806864915,0.630170703489267
!piratename,neither,0.03945320844208391,0.33037608806864915,0.630170703489267
"Ahoy there, @zcaptaindingus! Yarr name be, First Mate Land Lobsterboi! Huzzah!",neither,0.03490950922440543,0.3058129772599409,0.6592775135156537
Gamers Rise up?,neither,0.036202880783224076,0.39718312014176715,0.5666139990750089
Bidet from Ohio,neither,0.040754399270683486,0.3082914838698526,0.650954116859464
!piratename,neither,0.03945320844208391,0.33037608806864915,0.630170703489267
!piratename,neither,0.03945320844208391,0.33037608806864915,0.630170703489267
Bidet from Ohio!,neither,0.040754399270683486,0.3082914838698526,0.650954116859464
bidet from Kansas City,neither,0.04050054910234117,0.3125999837227694,0.6468994671748894
Bidet from Ohio!,neither,0.040754399270683486,0.3082914838698526,0.650954116859464
sup critters,neither,0.03945320844208391,0.33037608806864915,0.630170703489267
!piratename,neither,0.03945320844208391,0.33037608806864915,0.630170703489267
Bidet from Argentina!,neither,0.04062582848913359,0.31047366557575606,0.6489005059351104
"Ahoy there, @Trollheimen! Yarr name be, Gunner Barnacle Legs! Huzzah!",neither,0.03972960861922325,0.2981894169521545,0.6620809744286222
"Not, A pirate.",neither,0.03798429109608333,0.3359028173923576,0.626112891511559
!piratename,neither,0.03945320844208391,0.33037608806864915,0.630170703489267
...Cabbage Kraken? I can deal with that.,neither,0.023505845560532274,0.41907391601540506,0.5574202384240627
bidet,neither,0.03945320844208391,0.33037608806864915,0.630170703489267
bidet from new England,neither,0.04427516225640692,0.21740380486553929,0.7383210328780537
Bidet from San Antonio TX,neither,0.04028946704880015,0.31618259705162277,0.6435279358995771
!piratename,neither,0.03945320844208391,0.33037608806864915,0.630170703489267
"Ahoy there, @scizorball! Yarr name be, Quartermaster Rotten ~*{uB3r}*~ H4x0R! Huzzah!",neither,0.03977309094679651,0.2932282128009834,0.6669986962522201
bidet,neither,0.03945320844208391,0.33037608806864915,0.630170703489267
gandsPartyShield gandsPartyShield gandsPartyShield gandsPartyShield,neither,0.03945320844208391,0.33037608806864915,0.630170703489267
!piratename,neither,0.03945320844208391,0.33037608806864915,0.630170703489267
supper,neither,0.03945320844208391,0.33037608806864915,0.630170703489267
!piratename,neither,0.03945320844208391,0.33037608806864915,0.630170703489267
am excited to see matt mercer,neither,0.045083772540495684,0.3270261875574496,0.6278900399020548
"Anyone else from the Edificant library? Praise Oghma, and let the Light of Knowledge bring the truth to the four corners of this realm!",neither,0.03407349540109203,0.2954222119359452,0.6705042926629627
!piratename,neither,0.03945320844208391,0.33037608806864915,0.630170703489267
bidet from Oklahoma,neither,0.04066490145509902,0.30981049537100724,0.6495246031738937
!piratename,neither,0.03945320844208391,0.33037608806864915,0.630170703489267
is moly alive again? haven watched in a while,neither,0.0439273129804514,0.3513661427001784,0.6047065443193702
"bidet from portland, oregon :D",neither,0.040371808140217125,0.31478505383715205,0.6448431380226308
@volatilebullfrog Im in Lawrence.,neither,0.03850175451166092,0.36647603825776887,0.5950222072305703
Howdy!,neither,0.03945320844208391,0.33037608806864915,0.630170703489267
!piratename,neither,0.03945320844208391,0.33037608806864915,0.630170703489267
bidet from San Antonio!,neither,0.040446282760733435,0.31352102516371877,0.6460326920755478
"Ahoy there, @ImpInMyHead! Yarr name be, First Mate Rotten Bear! Huzzah!",neither,0.034874053489467455,0.30561192283163785,0.6595140236788947
bidet from vancouver island,neither,0.0408364874901429,0.30689823255244486,0.6522652799574122
did they start?,neither,0.03945320844208391,0.33037608806864915,0.630170703489267
!piratename,neither,0.03945320844208391,0.33037608806864915,0.630170703489267
Bidet from alberta,neither,0.04062582848913359,0.31047366557575606,0.6489005059351104
Bidet from Colorado!,neither,0.04066490145509902,0.30981049537100724,0.6495246031738937
!piratename,neither,0.03945320844208391,0.33037608806864915,0.630170703489267
"bidet from cape breton, nova scotia",neither,0.04062582848913359,0.31047366557575606,0.6489005059351104
Ohio representing tonight.,neither,0.03657581544262418,0.30628116954274254,0.6571430150146333
!piratename,neither,0.03945320844208391,0.33037608806864915,0.630170703489267
Bidet from Michigan!!!!,neither,0.040769555981420263,0.3080342349327864,0.6511962090857933
!piratename,neither,0.03945320844208391,0.33037608806864915,0.630170703489267
!piratename,neither,0.03945320844208391,0.33037608806864915,0.630170703489267
!piratename,neither,0.03945320844208391,0.33037608806864915,0.630170703489267
caducaus should pick up some guns Keepo,neither,0.04494861293598836,0.361334819388287,0.5937165676757247
!piratename,neither,0.03945320844208391,0.33037608806864915,0.630170703489267
"Ahoy there, @asy0396! Yarr name be, Captain Rusty Smythe! Huzzah!",neither,0.039681265884508,0.3037331589756091,0.6565855751398829
bidet from San Diego,neither,0.040446282760733435,0.31352102516371877,0.6460326920755478
!piratename,neither,0.03945320844208391,0.33037608806864915,0.630170703489267
FishMoley 💦 FishMoley 💦,neither,0.03945320844208391,0.33037608806864915,0.630170703489267
!piratename,neither,0.03945320844208391,0.33037608806864915,0.630170703489267
!piratename,neither,0.03945320844208391,0.33037608806864915,0.630170703489267
!piratename,neither,0.03945320844208391,0.33037608806864915,0.630170703489267
!piratename,neither,0.03945320844208391,0.33037608806864915,0.630170703489267
bidet from STL,neither,0.04228451509352876,0.2823214250720796,0.6753940598343917
"Ahoy there, @ladyblogging! Yarr name be, Boatswain Yung Kraken! Huzzah!",neither,0.039727101126316,0.29847621855264117,0.661796680321043
"bidet from Santa Monica, CA",neither,0.0402373578746117,0.3170670257317085,0.6426956163936798
bidet from Canada,neither,0.04071751644889743,0.3089174816120565,0.6503650019390461
idk what that does but,offensive_language,0.024122918085133917,0.4959467973272688,0.4799302845875974
Is the music weird?,neither,0.04803753221918743,0.30862098572057084,0.6433414820602418
I really like how things just continue to get worse,neither,0.056573639481219684,0.25651647332681593,0.6869098871919644
!piratename,neither,0.03945320844208391,0.33037608806864915,0.630170703489267
"Ahoy there, @MatchaBunnyRain! Yarr name be, Gunner Giant Mapripper! Huzzah!",neither,0.039724189244204997,0.29880937295682664,0.6614664377989685
bidet from brooklyn,neither,0.04079557052152802,0.30759270029461827,0.6516117291838538
lol gonna kill the bot,neither,0.3113821844112956,0.27888699525527866,0.40973082033342567
!piratename,neither,0.03945320844208391,0.33037608806864915,0.630170703489267
!piratename,neither,0.03945320844208391,0.33037608806864915,0.630170703489267
!piratename,neither,0.03945320844208391,0.33037608806864915,0.630170703489267
"@emmyawardwinner Shawnee, here :D",neither,0.22097653003277068,0.2221615150675793,0.55686195489965
lol,neither,0.020706217963973744,0.4882283491876925,0.4910654328483337
oh i see,neither,0.04835874024584472,0.2477977419206779,0.7038435178334774
bidet from Colorado!,neither,0.04066490145509902,0.30981049537100724,0.6495246031738937
!piratename,neither,0.03945320844208391,0.33037608806864915,0.630170703489267
Bidet from Nevada y’all,neither,0.042808078011918105,0.39053103227606023,0.5666608897120217
!piratename,neither,0.03945320844208391,0.33037608806864915,0.630170703489267
Bidet from Seattle!!,neither,0.040754399270683486,0.3082914838698526,0.650954116859464
"Part of the ship, part of the crew!",neither,0.038441916819006536,0.31181611349916494,0.6497419696818285
Always so happy when I get to watch live!,neither,0.04220579531460551,0.4563889239066503,0.5014052807787442
!piratename,neither,0.03945320844208391,0.33037608806864915,0.630170703489267
@quasijoker Just about to.,neither,0.03962267807107373,0.41099460007084937,0.5493827218580769
!piratename,neither,0.03945320844208391,0.33037608806864915,0.630170703489267
!piratename,neither,0.03945320844208391,0.33037608806864915,0.630170703489267
hahhaa im Gunner Barnacle Legs XD,neither,0.03827983334850041,0.37487172044789435,0.5868484462036052
Woot Ohio!!!,neither,0.03945320844208391,0.33037608806864915,0.630170703489267
"Ahoy there, @Isamaar! Yarr name be, Boatswain ~*{RaWr}*~ O'Brien! Huzzah!",neither,0.039667460977312254,0.305322050707886,0.6550104883148018
!piratename,neither,0.03945320844208391,0.33037608806864915,0.630170703489267
!piratename,neither,0.03945320844208391,0.33037608806864915,0.630170703489267
doctor3 doctor6 doctor0,neither,0.03945320844208391,0.33037608806864915,0.630170703489267
!piratename,neither,0.03945320844208391,0.33037608806864915,0.630170703489267
,neither,0.03945320844208391,0.33037608806864915,0.630170703489267
Bidet from Seattle!,neither,0.040754399270683486,0.3082914838698526,0.650954116859464
hello everybody!!!,neither,0.03945320844208391,0.33037608806864915,0.630170703489267
!piratename,neither,0.03945320844208391,0.33037608806864915,0.630170703489267
!piratename,neither,0.03945320844208391,0.33037608806864915,0.630170703489267
!piratename,neither,0.03945320844208391,0.33037608806864915,0.630170703489267
we still get pirate names today?,neither,0.037215788173400634,0.33316692751078814,0.6296172843158112
